9
-0.16976287900604828 1.8272180049486713 -0.36289406955875836 -1.3792663918883 0.15724011511804403 -0.2165822358679641 -0.29752190820225843
-0.17353641633696604 1.836803259042449 -0.35478518258733216 -1.3854685339846753 0.1574248250334591 -0.21671634917918067 -0.29730496033533726
-0.17944295595182227 1.8454227648220487 -0.3452705888808045 -1.3911156894939865 0.15751168373510582 -0.21674093077563955 -0.29724066441767794
-0.18720047523500918 1.8529967102099334 -0.3346394429949174 -1.3961492458238387 0.1575070547292879 -0.2166644385057835 -0.2973177848595467
-0.1966224723406296 1.8596304449251075 -0.3230042464655109 -1.4006310286970556 0.1574201562327902 -0.21649705648238818 -0.29752207272450565
-0.2075390902062157 1.8654199165483594 -0.31046746031557293 -1.4046173460795568 0.15725938376485135 -0.21624805991724635 -0.2978405507476663
-0.2160454179791622 1.8679362732723963 -0.30212252966877495 -1.4063884486693268 0.15714588893355513 -0.21608698389521339 -0.29805096715542767
-0.21842358186563549 1.8679362732723963 -0.30045006434537597 -1.4063884486693268 0.15714588893355513 -0.21608698389521339 -0.29805096715542767
-0.21842358186563549 1.8679362732723963 -0.30045006434537597 -1.4063884486693268 0.15714588893355513 -0.21608698389521339 -0.29805096715542767
