4
21 0.30000000000000004 -0.19999999999999996 0.7000000000000001
0.0 -0.24800901971626033 0.2589583031161382 -0.1934403976430321 -0.42805672068687617 0.13045833565188225 -0.14925760343971106 -0.18857516547528075
0.05 -0.24824599864865926 0.2608640801415029 -0.19407275130199253 -0.42864762704038395 0.13036501441108472 -0.14948914296694896 -0.18906769226762427
0.1 -0.24932531188049264 0.26951756631110374 -0.19611781371481124 -0.4313113227090254 0.1302920602149939 -0.15033841781594373 -0.19070084515369298
0.15 -0.2511677633312905 0.2841117027600156 -0.19942074047951944 -0.4358461717232941 0.13024708773332105 -0.15174269120032596 -0.19335198529143413
0.2 -0.2537002874798374 0.3039061547866961 -0.20383890140398458 -0.44206624012201373 0.13023701948966282 -0.15364413698958537 -0.19690813349859665
0.25 -0.25685469492225105 0.328221602029637 -0.20924036194344817 -0.44979838599932814 0.13026780361426946 -0.15598904037873992 -0.20126467735684606
0.3 -0.26056664255605005 0.3564348424731408 -0.2155026522482067 -0.4588798746620637 0.13034417541691207 -0.15872714495622067 -0.20632432073452026
0.35 -0.26477488049640335 0.38797488514832534 -0.22251186270760814 -0.4691566318655431 0.1304694850276289 -0.1618111742384438 -0.211996312484462
0.4 -0.2694207949929846 0.42232007822946327 -0.23016207080578846 -0.48048217393505704 0.1306456034745279 -0.16519653603521817 -0.21819596122752466
0.45 -0.2744482388134136 0.4589962142750692 -0.23835507625782099 -0.49271719110007994 0.1308729107715922 -0.1688412015370367 -0.22484441856037393
0.5 -0.2798036173175527 0.4975754641617059 -0.2470003975748295 -0.5057297079704567 0.1311503624701682 -0.17270573713112722 -0.23186869210770364
0.55 -0.2854361813444328 0.537675927845937 -0.2560154666458563 -0.5193957068255741 0.1314756254705767 -0.17675345693950778 -0.23920183512095522
0.6 -0.29129846351710387 0.5789615346816577 -0.26532594348421557 -0.5336000667952132 0.1318452692542648 -0.18095065549253997 -0.24678324656582823
0.65 -0.29734678687239396 0.6211419993375087 -0.2748660666879531 -0.5482376550538423 0.13225499577986247 -0.18526687562410185 -0.2545590096136438
0.7 -0.30354176851451126 0.6639725174029826 -0.2845789497414699 -0.5632143924426624 0.1326998889782232 -0.18967516316366195 -0.26248219152035007
0.75 -0.30984874186987393 0.7072528918981992 -0.29441673584857125 -0.5784481184262737 0.1331746643311258 -0.1941522608748439 -0.2705130298282671
0.8 -0.31623802328251677 0.7508257939844827 -0.30434052775121395 -0.5938690856388664 0.1336738990108986 -0.19867869570712288 -0.2786189328522018
0.85 -0.32268495780178236 0.7945739011395004 -0.31432002044869883 -0.6094199354701069 0.13419222493176888 -0.20323871931674353 -0.28677423209367603
0.9 -0.32916969009470654 0.8384157047307285 -0.3243327783909278 -0.625055031825561 0.1347244694622506 -0.20782006891629237 -0.2949596358069685
0.95 -0.3356766239051124 0.8822998527196073 -0.33436311935043556 -0.6407390704558333 0.135265732734663 -0.21241352652908357 -0.3031613505707584
1.0 -0.34219355451125605 0.9261979829789806 -0.34440059197165707 -0.6564449296486726 0.13581139552843183 -0.2170122679683044 -0.31136985890826996
21 0.2500000000000002 1.1102230246251565e-16 0.9
0.0 -3.7117032114508675e-08 -2.0055050953260434e-09 -3.26150928486868e-09 -2.0109931497813704e-09 8.853584532175773e-10 6.653293915803715e-09 5.577442507842534e-09
0.05 0.0008164519124220945 -8.358553767328551e-05 5.973869513903864e-05 0.019851529205929926 -0.0031553812994654443 -0.030047703739959616 0.0029420478610337458
0.1 0.0030441349750883165 -0.0003116334867924563 0.0002227380764606179 0.07110558629965971 -0.011750567383545843 -0.1027876370856516 0.010969054031070393
0.15 0.006480522996716833 -0.0006634169837059846 0.00047417871256156196 0.14582537812413635 -0.024988170109164164 -0.20128889684538262 0.023351394159773435
0.2 0.010941501954482718 -0.0011200882184012868 0.0008005889395207452 0.2363626698053674 -0.04214045638131942 -0.30892182764426745 0.039425649223792235
0.25 0.01626048566114127 -0.001664593710324837 0.0011897796084857028 0.33528146210671617 -0.06254563937392328 -0.40918531712264633 0.058591558328479204
0.3 0.0222876473291504 -0.0022815956434234933 0.0016307878591122812 0.4352814621067138 -0.08560444408306946 -0.5023200532021522 0.08030924980034823
0.35 0.028889217296384315 -0.0029573999741645176 0.0021138257340581773 0.5352814621067109 -0.11077690451185555 -0.5887521286129568 0.10409671067984562
0.4 0.035946841604880764 -0.003679890769096436 0.002630233246102919 0.6349999979953594 -0.1375793775929633 -0.6689879108388309 0.12952747548610327
0.45 0.04335698117021304 -0.004438468697680981 0.0031724344152887444 0.7272836115372286 -0.1655817034261035 -0.7435514232179546 0.1562284612420212
0.5 0.05103033054662689 -0.005223991531146368 0.003733894739884502 0.8118816503815434 -0.19440443887069517 -0.8129364145435678 0.1838778731088229
0.55 0.058891234241372756 -0.006028714390447063 0.004309078488019602 0.8891014826011038 -0.22371608801409323 -0.8776139172207928 0.21220310118959382
0.6 0.06687706909035544 -0.006846226519906555 0.004893403506013495 0.9597277029912693 -0.2533063651114408 -0.9380398438390872 0.24097849504142163
0.65 0.07493757366551553 -0.007671382638477993 0.005483192151001192 1.0245193898914278 -0.28301755834213793 -0.9946622679446712 0.27002294732649446
0.7 0.08303408841578756 -0.008500225152769481 0.006075615691911119 1.0842177239112416 -0.3127322011147008 -1.0479279028440367 0.29919715580863554
0.75 0.09113869457160916 -0.009329896006458416 0.006668631302945554 1.1395528670534332 -0.34237018875986985 -1.0982875646407857 0.32840052056391883
0.8 0.09923321718146996 -0.010158534620856497 0.007260909115568592 1.1912496228759997 -0.37188539830475875 -1.1462002115042829 0.3575675516175535
0.85 0.10730809096132427 -0.010985161791580822 0.007851749232477164 1.2400317687434375 -0.40126180375415255 -1.1921355032901444 0.3866637822535979
0.9 0.11536106357095546 -0.011809546942567669 0.008440986846062625 1.2866247332826082 -0.4305089905590259 -1.2365746095615122 0.41568109652429597
0.95 0.12339574909532605 -0.01263206004552048 0.00902888639633476 1.3317567023386465 -0.4596571151186491 -1.2800093863540836 0.44463251700218326
1.0 0.1314200245742029 -0.013453507472157906 0.009616024244650587 1.3761580517211303 -0.4887512815553625 -1.3229398594986916 0.4735464269871587
21 0.2500000000000002 0.050000000000000044 0.9
0.0 -3.7117032114508675e-08 -2.0055050953260434e-09 -3.26150928486868e-09 -2.0109931497813704e-09 8.853584532175773e-10 6.653293915803715e-09 5.577442507842534e-09
0.05 0.0008164519124220945 -8.358553767328551e-05 5.973869513903864e-05 0.019851529205929926 -0.0031553812994654443 -0.030047703739959616 0.0029420478610337458
0.1 0.0030441349750883165 -0.0003116334867924563 0.0002227380764606179 0.07110558629965971 -0.011750567383545843 -0.1027876370856516 0.010969054031070393
0.15 0.006480522996716833 -0.0006634169837059846 0.00047417871256156196 0.14582537812413635 -0.024988170109164164 -0.20128889684538262 0.023351394159773435
0.2 0.010941501954482718 -0.0011200882184012868 0.0008005889395207452 0.2363626698053674 -0.04214045638131942 -0.30892182764426745 0.039425649223792235
0.25 0.01626048566114127 -0.001664593710324837 0.0011897796084857028 0.33528146210671617 -0.06254563937392328 -0.40918531712264633 0.058591558328479204
0.3 0.0222876473291504 -0.0022815956434234933 0.0016307878591122812 0.4352814621067138 -0.08560444408306946 -0.5023200532021522 0.08030924980034823
0.35 0.028889217296384315 -0.0029573999741645176 0.0021138257340581773 0.5352814621067109 -0.11077690451185555 -0.5887521286129568 0.10409671067984562
0.4 0.035946841604880764 -0.003679890769096436 0.002630233246102919 0.6349999979953594 -0.1375793775929633 -0.6689879108388309 0.12952747548610327
0.45 0.04335698117021304 -0.004438468697680981 0.0031724344152887444 0.7272836115372286 -0.1655817034261035 -0.7435514232179546 0.1562284612420212
0.5 0.05103033054662689 -0.005223991531146368 0.003733894739884502 0.8118816503815434 -0.19440443887069517 -0.8129364145435678 0.1838778731088229
0.55 0.058891234241372756 -0.006028714390447063 0.004309078488019602 0.8891014826011038 -0.22371608801409323 -0.8776139172207928 0.21220310118959382
0.6 0.06687706909035544 -0.006846226519906555 0.004893403506013495 0.9597277029912693 -0.2533063651114408 -0.9380398438390872 0.24097849504142163
0.65 0.07493757366551553 -0.007671382638477993 0.005483192151001192 1.0245193898914278 -0.28301755834213793 -0.9946622679446712 0.27002294732649446
0.7 0.08303408841578756 -0.008500225152769481 0.006075615691911119 1.0842177239112416 -0.3127322011147008 -1.0479279028440367 0.29919715580863554
0.75 0.09113869457160916 -0.009329896006458416 0.006668631302945554 1.1395528670534332 -0.34237018875986985 -1.0982875646407857 0.32840052056391883
0.8 0.09923321718146996 -0.010158534620856497 0.007260909115568592 1.1912496228759997 -0.37188539830475875 -1.1462002115042829 0.3575675516175535
0.85 0.10730809096132427 -0.010985161791580822 0.007851749232477164 1.2400317687434375 -0.40126180375415255 -1.1921355032901444 0.3866637822535979
0.9 0.11536106357095546 -0.011809546942567669 0.008440986846062625 1.2866247332826082 -0.4305089905590259 -1.2365746095615122 0.41568109652429597
0.95 0.12339574909532605 -0.01263206004552048 0.00902888639633476 1.3317567023386465 -0.4596571151186491 -1.2800093863540836 0.44463251700218326
1.0 0.1314200245742029 -0.013453507472157906 0.009616024244650587 1.3761580517211303 -0.4887512815553625 -1.3229398594986916 0.4735464269871587
21 0.2500000000000002 1.1102230246251565e-16 0.9
0.0 0.04097743551075084 -0.004253804913336268 0.003124015552399939 0.32354041293528457 -0.1564980930247497 -0.47234581323333025 0.14760964501976925
0.05 0.048123272854685546 -0.004978873498674624 0.0036341397672925877 0.40188353779802793 -0.19981275336846546 -0.5763715274109209 0.19024789473619286
0.1 0.05521121013875886 -0.005698547660158083 0.004141032957843225 0.4881488928340856 -0.2635510399138881 -0.6851030145544208 0.2539517897539623
0.15 0.06216589013597542 -0.006405100540411787 0.004639165219616765 0.579830205291538 -0.335831890580944 -0.7953727426229814 0.32616564578943796
0.2 0.06892595706693708 -0.007092233141137219 0.005124019180106742 0.6746498944161488 -0.40490205062509654 -0.9041494431443083 0.3944603797152415
0.25 0.07544323099073923 -0.007754990975337749 0.0055920319949674425 0.7705288981113595 -0.46169463932293336 -1.0084952448321385 0.450552305987536
0.3 0.0816818291448455 -0.008389675120082974 0.0060405331265903145 0.8655553263192788 -0.5075554538504199 -1.105521818411067 0.49578306129654054
0.35 0.08761723594927226 -0.008993747860997416 0.006467678060614959 0.9579521317307752 -0.5437282191329965 -1.1923458133897438 0.5313919993820847
0.4 0.09323530725873871 -0.009565731467549977 0.006872376934418956 1.0460438092698552 -0.5713585603881733 -1.2660437246923277 0.558520189221132
0.45 0.09853122536428856 -0.010105101802522594 0.007254219312556461 1.1282224423268423 -0.5914985697141646 -1.3254275995703084 0.5782150137956978
0.5 0.10350840883733023 -0.01061217719796411 0.0076133954347420395 1.2029132869963617 -0.6051117650196179 -1.3721592852362012 0.5914351679773536
0.55 0.1081774128970337 -0.011088006262790258 0.007950616571791611 1.268540413550612 -0.6130783960204317 -1.4077921463259873 0.5990560068755382
0.6 0.11255485260031377 -0.011534257940192286 0.008267036875999719 1.3234929041775063 -0.6162010733014834 -1.4337755233638054 0.6018752174669151
0.65 0.11666240781814802 -0.011953119861882768 0.008564181062016146 1.3667804237651788 -0.6152108252990459 -1.451460377351955 0.6006189121275921
0.7 0.120525945674416 -0.012347208661498904 0.00884388054892013 1.4000947824073953 -0.6107736279038727 -1.462106303407333 0.5959481849421576
0.75 0.1241747523284127 -0.012719491425466418 0.009108217488370178 1.4250428027677042 -0.6034973117762231 -1.4668897054481784 0.5884660367149098
0.8 0.12764085995207575 -0.013073216841673849 0.009359475661255855 1.4431540596616903 -0.5939387499492282 -1.4669128987317364 0.5787245726570664
0.85 0.13095845485015548 -0.013411854615671974 0.009600097231279891 1.4558899387895035 -0.5826112456375775 -1.4632139371494166 0.5672323939752267
0.9 0.13416335279648264 -0.013739041736388066 0.00983264435206097 1.4646537227780976 -0.5699920549105854 -1.4567769879663202 0.5544621192498899
0.95 0.1372925277931176 -0.014058534186585375 0.010059764633287038 1.470801440040842 -0.5565299911301064 -1.448543098236007 0.5408579836670537
1.0 0.14038368058602588 -0.014374162705924964 0.010284159480042101 1.4756532341203514 -0.5426530678833864 -1.439421214511469 0.5268434739402846
